# timestamp tag rank eU eF nvars map flag value sdev Q sobol sobol_sdev evals seconds
2026-10-05T17:11:47 num1791213107 2 1 3 6 a=6 ok -8.40326890e-01 7.792e-04 0.710 NA NA 31000000 189.1
2026-10-05T17:13:35 num1791213215 2 1 3 6 a=6 ok -8.50300415e-01 7.662e-03 0.561 NA NA 1750000 9.2
2026-10-05T17:30:32 num1791214232 2 1 3 6 a=6 ok -8.35511272e-01 4.113e-03 0.660 NA NA 1750000 10.1
2026-10-05T17:38:29 num1791214709 2 1 3 6 a=6 ok -8.45142072e-01 6.063e-03 0.644 NA NA 1750000 11.9
2026-10-05T17:48:39 num1791215319 2 1 3 6 a=6 ok -8.36605668e-01 3.964e-03 0.325 NA NA 1750000 10.3
2026-10-05T17:51:38 num1791215498 2 1 3 6 a=6 ok -8.54509267e-01 9.312e-03 0.812 NA NA 1750000 10.7
2026-10-05T17:56:21 num1791215781 2 1 3 6 a=6 ok -8.41950063e-01 4.380e-03 0.879 NA NA 1750000 9.6
2026-10-05T19:08:27 num1791220107 2 1 3 6 a=6 ok -8.35801836e-01 5.087e-03 0.751 NA NA 1750000 8.7
2026-10-05T19:49:03 num1791222543 2 1 3 6 a=6 ok -8.38076448e-01 4.434e-03 0.478 NA NA 1750000 9.7
2026-10-05T20:11:28 num1791223888 2 1 3 6 a=6 ok -8.31777768e-01 3.818e-03 0.930 NA NA 1750000 11.1
2026-10-05T20:13:19 num1791223999 2 1 3 6 a=6 ok -8.51200209e-01 6.160e-03 0.836 NA NA 1750000 9.6
2026-10-05T20:16:50 num1791224210 2 1 3 6 a=6 ok -8.49227460e-01 5.256e-03 0.991 NA NA 1750000 10.1
2026-10-05T20:19:55 num1791224395 2 1 3 6 a=6 ok -8.43163101e-01 6.568e-03 0.480 NA NA 1750000 9.5
2026-10-05T20:33:16 num1791225196 2 1 3 6 a=6 ok -8.45373638e-01 4.742e-03 0.141 NA NA 1750000 9.9
2026-10-05T20:50:19 num1791226219 2 1 3 6 a=6 ok -8.39895224e-01 4.135e-03 0.339 NA NA 1750000 12.6
2026-10-05T20:52:32 num1791226352 2 1 3 6 a=6 ok -8.45124880e-01 6.012e-03 0.307 NA NA 1750000 10.5
2026-10-05T20:55:27 num1791226527 2 1 3 6 a=6 ok 8.41429342e-01 4.918e-03 0.819 NA NA 1750000 11.6
2026-10-05T21:17:03 num1791227823 2 1 3 6 a=6 ok 1.11126619e+00 2.650e-01 0.421 NA NA 1750000 9.3
2026-10-05T21:17:21 num1791227841 2 1 3 6 a=6 ok 8.53014960e-01 7.451e-03 0.681 NA NA 1750000 8.8
2026-10-05T21:17:41 num1791227861 2 1 3 6 a=6 ok 8.55068392e-01 1.037e-02 0.321 NA NA 1750000 9.0
2026-10-05T22:57:07 num1791233827 2 1 3 6 a=6 ok 8.45648424e-01 4.409e-03 0.009 NA NA 1750000 11.9
2026-10-05T23:33:50 num1791236030 2 1 3 6 a=6 ok 8.38298773e-01 4.172e-03 0.472 NA NA 1750000 9.2
2026-10-06T01:31:14 num1791243074 2 1 3 6 a=6 ok 8.40320422e-01 4.206e-03 0.657 NA NA 1750000 11.4
2026-10-06T01:37:07 num1791243427 2 1 3 6 a=6 ok 8.41223959e-01 4.087e-03 0.207 NA NA 1750000 10.8
2026-10-06T02:04:22 num1791245062 2 1 3 6 a=6 ok 8.43863923e-01 4.328e-03 0.300 NA NA 1750000 9.7
2026-10-06T02:17:09 num1791245829 2 1 3 6 a=6 ok 8.41852581e-01 5.820e-03 0.440 NA NA 1750000 8.6
2026-10-06T02:18:22 num1791245902 2 1 3 6 a=6 ok 8.37263297e-01 4.088e-03 0.197 NA NA 1750000 8.6
2026-10-06T02:20:25 num1791246025 2 1 3 6 a=6 ok 8.40144019e-01 4.236e-03 0.434 NA NA 1750000 8.7
2026-10-06T02:21:59 num1791246119 2 1 3 6 a=6 ok 8.43666899e-01 6.296e-03 0.135 NA NA 1750000 8.4
2026-10-06T02:26:45 num1791246405 2 1 3 6 a=6 ok 8.38874222e-01 3.961e-03 0.194 NA NA 1750000 8.7
2026-10-06T02:34:04 num1791246844 2 1 3 6 a=6 ok 8.46524885e-01 8.507e-03 0.596 NA NA 1750000 8.4
2026-10-06T02:42:03 num1791247323 2 1 3 6 a=6 ok 8.42701629e-01 4.929e-03 0.314 NA NA 1750000 8.5
2026-10-06T02:43:24 num1791247404 2 1 3 6 a=6 ok 8.46713961e-01 9.015e-03 0.231 NA NA 1750000 8.8
2026-10-06T02:48:26 num1791247706 2 1 3 6 a=6 ok 8.41477341e-01 4.459e-03 0.666 NA NA 1750000 9.4
2026-10-06T02:57:46 num1791248266 2 1 3 6 a=6 ok 8.52398256e-01 8.259e-03 0.274 NA NA 1750000 9.4
2026-10-06T03:04:20 num1791248660 2 1 3 6 a=6 ok 8.39071030e-01 5.018e-03 0.223 NA NA 1750000 9.9
2026-10-06T03:06:26 num1791248786 2 1 3 6 a=6 ok 8.47403300e-01 4.859e-03 0.465 NA NA 1750000 10.4
2026-10-06T03:20:23 num1791249623 4 3 3 6 a=6 ok -5.45913442e+01 3.189e-01 0.032 NA NA 1750000 103.7
2026-10-06T03:24:20 num1791249860 4 3 3 6 a=6 ok -5.53613497e+01 5.603e-01 0.425 NA NA 2750000 155.8
